nstates
5
marks
H3K4me3	H3K36me3	H3K9me3
emisP
1.39960081773515	107.186686810102	1.69705130216539	1.34759203747337
1.39960081773515	4.81757162138018	2.30252463127125	1.67491356078092
1.39960081773515	0.281980770578072	9.17489854646976	0.937229866490949
1.39960081773515	0.193428576335237	1.05312754207149	1.68242206662146
1.39960081773515	0.0905012785526081	0.396992501737786	5.12863785498776
transP
0.837538636485732	0.162461363453728	1.74727940647384e-33	6.05403422544746e-11	3.66749203434954e-96
0.0632376674489296	0.691868205566939	0.0543378475542331	0.183465670214149	0.00709060921574925
6.06475508850907e-49	0.009712843040477	0.973970347712031	0.0163168092474916	6.36223828815238e-64
1.55943022520686e-17	0.014309768887066	0.00700160788711449	0.961855435988559	0.0168331872372604
1.39245204412764e-67	0.000679178560924478	1.21133340321906e-61	0.0280327231438715	0.971288098295204
initP
5.64786514384434e-216	0
1.58215072419794e-63	4.18626437567761e-225
3.44937081336698e-153	0
1	1.71763965684668e-64
5.52031398306552e-31	1
